(` in million)
2021-22
2020-21
2019-20 *
2018-19 *
2017-18
2016-17
2015-16 *
2014-15
2013-14
2012-13

REVENUES
Sales #
Crude Oil (Including Condensate)
Natural Gas (incl. Gas Marketing Margin)
Liquified Petroleum Gas (LPG)-Domestic Market
Ethane-Propane (C2-C3)/ Ethane/ Propane / Butane
Naphtha
Kerosene (SKO)
HSD
LSHS (Low sulpher heavy stock)/RCO (Residual Crude oil)
Aviation Turbine Fuel Others
Sub- Total
Sale of Traded Products Other Operating Income Revenue from Operations Dividend Income
Other Non Operating Income
Total Revenues
EXPENSES
Royalty
OIDB Cess
Motor Spirit Cess
Natural Calamity Contingent Duty
Excise Duty
Road and Infrastructure Cess
Sales Tax #
Service Tax
Education cess
Octroi and Port Trust Charges #
Sub-total
Operating Expenses
Exchange Loss-Net
Purchases
(Accretion) / Decretion in stock
Exploration Costs written off
-Survey Costs
-Exploratory well Costs
Depreciation, Depletion, Amortisation and Impairment
Provisions and Write-offs
Prior Period Expenses (Net)
Total Expenses
836,612 124,414 46,752 36,715 50,640
880 1,018 839
1,544 209 1,099,623 - 3,831 1,103,454 42,519 22,637
1,168,610
136,057 141,261 - 974
265 222
- - -
543
279,322
217,889 2,984 - (1,429)
17,644
37,439 175,457
5,305 -
479,338 114,216 31,973 23,962 26,081
837 1,531 538
336 97 678,909 - 2,502 681,411 30,630 40,795
752,836
81,354 80,187 - 989
539 734
- - -
434
164,237
189,525 - - (4,264)
17,245
46,610 163,274
3,786 -
648,363 193,556 36,038 32,551 39,863
2,465 2,390 747
889
152 957,014 - 5,122 962,136 24,664 41,438
1,028,238
115,076 107,878 - 1,020
478 910
- - -
346
225,708
215,840 16,772 - 2,470
16,879
69,958 186,169
8,476 -
775,729 188,389 43,490 32,590 46,861
3,355 1,155 694
519
217 1,092,999 - 3,547 1,096,546 31,054 41,598
1,169,198
134,600 128,568 - 1,063
268 183
- - -
322
265,004
226,386 4,769 - (1,665)
18,514
69,055 154,561
7,362 -
603,899 137,372 40,352 24,226 38,084
1,178 - 482
- 209 845,802 - 4,239 850,041 37,810 41,026
928,877
99,090 99,638 - 1,122
410
- 334 - 390
200,984
206,602 - - (630)
14,801
55,517 144,702
2,891 -
548,036 139,398 37,276 17,264 30,455
1,321 421 562
- 131 774,864 31 4,183 779,078 16,969 59,794
855,841
115,748 89,045 - 1,129
2,093
- 289 - 354
208,658
210,082 - 26 (1,329)
17,549
32,996 121,895
1,592 -
511,316 182,239 34,951 9,441 30,609
2,118 406 412
- 76 771,568 84 5,765 777,417 5,712 64,382
847,511
89,591 101,916 - 1,137
1,990
- 339 - 333
195,306
197,672 1,033 72 352
15,274
41,369 110,999
3,938 -
536,638 187,381 34,380 10,064 50,835
2,771 312 705
286 56 823,428 60 7,447 830,935 4,890 48,775
884,600
116,079 102,535 - 1,123
2,206
2,586 290 91 6,083
230,993
163,654 241 44 (1,674)
19,146
86,078 114,583
2,116 3,839
525,734 183,291 30,145 14,837 75,743
2,779 522 1,295
220 87 834,653 44 7,331 842,028 3,744 63,388
909,160
114,890 99,734 3 1,097
3,076
3,123 439 2,348 4,897
229,607
165,833 1,021 32 1,043
15,912
62,445 109,259
2,189 (2,504)
533,269 165,400 31,484 13,440 76,804
3,686 170 1,063
318 38 825,672 43 7,375 833,090 4,615 49,752
887,457
108,094 99,971 - 1,101
3,093
3,834 353 3,111 4,057
223,614
153,839 922 31 (230)
15,668 84,763 83,736
18,863 531
734,611
580,413
742,272
743,986
624,867
591,469
566,015
619,020
584,837
581,737
(` in million)
2021-22
2020-21
2019-20 *
2018-19 *
2017-18
2016-17
2015-16 *
2014-15
2013-14
2012-13
STANDALONE PERFORMANCE AT A GLANCE